1980 1 3 27 31 36 48 5 6
1980 2 14 15 18 23 28 3 7
1980 3 7 9 20 24 32 1 5
1980 4 5 24 29 32 46 2 7
1980 5 16 17 20 36 45 9 12
1980 6 29 31 45 46 50 4 8
1980 7 17 34 36 41 49 4 11
1980 8 1 23 30 31 43 4 6
1980 9 1 6 20 35 42 9 10
1980 10 1 4 16 34 38 6 8
1980 11 1 7 8 25 29 3 6
1980 12 2 12 31 34 41 1 12
1980 13 1 13 16 23 41 5 7
1980 14 5 10 12 19 21 8 12
1980 15 12 27 29 31 34 4 11
1980 16 17 18 25 33 34 3 8
1980 17 4 7 12 35 41 4 8
1980 18 11 29 35 37 42 2 10
1980 19 8 13 21 27 38 4 12
1980 20 8 15 28 44 49 6 9
1980 21 10 22 28 46 48 8 11
1980 22 1 6 8 21 23 1 5
1980 23 8 13 36 38 45 5 6
1980 24 6 13 26 29 34 9 12
1980 25 2 6 17 29 46 2 4
1980 26 28 30 38 41 48 7 11
1980 27 3 13 14 19 32 4 9
1980 28 4 28 29 35 38 5 10
1980 29 3 16 21 27 50 9 12
1980 30 3 6 10 18 21 3 10
1980 31 7 15 21 29 40 1 7
1980 32 7 15 27 44 48 1 10
1980 33 5 29 34 39 49 4 12
1980 34 20 32 40 42 49 3 7
1980 35 3 4 6 15 39 2 3
1980 36 6 26 35 38 41 7 9
1980 37 12 16 27 28 48 1 3
1980 38 21 29 36 47 48 4 10
1980 39 6 20 32 35 40 3 8
1980 40 2 6 14 24 37 4 9
1980 41 22 26 29 31 40 4 10
1980 42 1 12 37 43 49 3 7
1980 43 2 21 23 34 38 3 7
1980 44 6 10 17 28 48 2 5
1980 45 2 13 23 26 45 8 11
1980 46 9 13 18 47 49 3 5
1980 47 2 11 14 22 23 1 4
1980 48 4 5 9 16 34 5 7
1980 49 10 27 28 32 49 5 6
80 50 8 18 25 29 34 2 11
1980 51 7 12 16 24 49 2 6
1980 52 10 12 20 28 29 6 8
1981 1 9 10 31 32 42 3 8
1981 2 5 6 34 43 47 3 4
1981 3 10 16 33 42 47 6 12
1981 4 22 24 30 38 43 11 12
1981 5 5 23 25 26 31 3 5
1981 6 9 15 18 30 43 8 10
1981 7 15 19 34 36 45 1 2
1981 8 10 18 38 42 47 8 9
1981 9 11 24 36 40 47 8 12
1981 10 13 14 18 19 20 5 11
1981 11 7 11 18 34 50 2 3
1981 12 9 17 19 43 45 4 5
1981 13 5 25 27 32 34 4 12
1981 14 6 16 28 40 50 1 6
1981 15 4 24 32 33 44 3 11
1981 16 10 12 17 18 41 5 11
1981 17 10 13 20 27 30 8 9
1981 18 4 5 19 46 48 5 7
1981 19 1 9 36 45 46 1 8
1981 20 3 6 26 27 42 3 4
1981 21 5 8 27 40 48 3 4
1981 22 17 28 29 39 49 5 11
1981 23 12 18 22 29 45 10 12
1981 24 10 11 30 35 37 1 5
1981 25 4 23 24 34 35 8 10
1981 26 17 20 23 24 44 3 8
1981 27 7 14 21 22 25 1 4
1981 28 5 23 30 37 41 3 11
1981 29 5 21 22 27 29 4 11
1981 30 5 27 30 37 50 1 3
1981 31 10 13 23 37 45 3 12
1981 32 3 14 23 28 41 6 7
1981 33 4 7 9 29 36 2 12
1981 34 8 19 28 37 43 7 8
1981 35 14 26 33 40 46 4 11
1981 36 17 20 31 33 50 2 3
1981 37 10 11 28 35 49 8 9
1981 38 12 17 24 41 49 7 8
1981 39 4 29 40 46 48 5 11
1981 40 4 8 23 24 37 4 11
1981 41 3 18 21 25 34 4 9
1981 42 8 9 11 26 39 3 6
1981 43 4 9 13 33 39 4 5
1981 44 6 14 27 30 49 6 11
1981 45 15 32 38 40 41 9 10
1981 46 2 4 9 22 31 5 7
1981 47 4 12 29 31 32 9 10
1981 48 17 9 10 35 39 1 7
1981 49 8 12 14 19 33 1 9
1981 50 2 10 15 20 34 3 6
1981 51 2 7 23 34 47 1 6
1981 52 2 26 29 39 44 2 7
1982 1 24 28 30 37 47 4 12
1982 2 4 23 33 40 41 5 12
1982 3 25 38 40 41 50 2 9
1982 4 2 3 11 27 38 4 12
1982 5 3 22 30 34 38 4 9
1982 6 3 21 33 38 44 3 7
1982 7 2 11 25 37 46 6 8
1982 8 6 9 20 23 43 7 12
1982 9 1 21 32 34 43 5 8
1982 10 11 15 18 19 40 5 8
1982 11 7 19 36 44 47 3 9
1982 12 11 22 28 33 48 3 8
1982 13 10 16 20 37 38 10 12
1982 14 5 14 16 28 33 10 12
1982 15 4 5 28 31 39 11 12
1982 16 8 28 31 36 48 5 6
1982 17 18 41 43 45 49 7 11
1982 18 1 12 29 33 35 1 5
1982 19 6 14 20 35 44 9 12
1982 20 2 10 38 44 48 1 2
1982 21 3 4 24 25 30 1 6
1982 22 2 24 30 35 43 2 10
1982 23 7 13 22 39 45 2 8
1982 24 6 20 24 43 50 8 12
1982 25 10 19 39 41 44 1 11
1982 26 27 30 31 36 46 9 10
1982 27 2 17 19 34 41 3 10
1982 28 36 40 41 42 44 9 11
1982 29 10 28 34 46 48 1 3
1982 30 4 6 11 16 25 2 4
1982 31 8 15 17 20 44 1 9
1982 32 8 24 44 48 50 9 11
1982 33 6 8 24 27 50 5 6
1982 34 1 7 28 31 34 1 2
1982 35 2 28 30 32 38 1 5
1982 36 1 2 5 7 50 6 7
1982 37 9 11 26 33 50 7 11
1982 38 1 5 14 32 36 6 7
1982 39 6 14 29 34 36 2 12
1982 40 3 15 28 37 42 11 12
1982 41 6 7 11 13 40 10 12
1982 42 10 24 31 34 35 2 7
1982 43 6 8 31 43 49 6 11
1982 44 31 32 38 46 47 3 12
1982 45 12 15 31 39 46 2 11
1982 46 10 12 27 28 49 L 10
1982 47 2 31 36 39 48 4 6
1982 48 9 13 28 36 45 4 12
1982 49 16 29 32 37 43 6 12
1982 50 4 7 29 39 44 6 10
1982 51 4 8 19 31 36 2 11
1982 52 11 21 31 35 40 4 11
1983 1 19 39 43 48 50 3 6
1983 2 8 16 25 36 48 6 12
1983 3 3 6 7 22 46 10 11
1983 4 13 15 19 22 35 6 8
1983 5 7 13 38 42 45 5 11
1983 6 19 26 28 30 34 3 6
1983 7 10 11 18 29 47 3 10
1983 8 11 18 34 38 44 2 9
1983 9 7 11 14 25 47 3 5
1983 10 1 7 19 27 45 10 12
1983 11 4 7 13 24 39 7 9
1983 12 5 20 28 33 48 1 3
1983 13 19 25 37 39 43 2 11
1983 14 9 11 15 20 48 3 9
1983 15 3 10 34 37 48 5 10
1983 16 16 19 40 49 50 2 4
1983 17 1 3 16 25 43 6 12
1983 18 4 6 24 36 39 5 12
1983 19 18 22 23 27 39 3 8
1983 20 12 19 33 39 46 4 10
1983 21 16 24 29 41 42 2 5
1983 22 7 20 33 43 44 1 3
1983 23 1 5 7 30 40 9 12
1983 24 3 19 33 37 46 1 9
1983 25 9 20 28 34 39 1 8
1983 26 4 6 8 10 32 7 8
1983 27 14 15 28 30 45 5 12
1983 28 1 22 25 27 47 5 10
1983 29 8 17 26 30 39 2 5
1983 30 4 7 18 36 38 8 9
1983 31 1 19 25 34 40 3 10
1983 32 5 11 24 46 49 6 9
1983 33 12 20 21 39 41 3 8
1983 34 7 12 22 36 44 1 10
1983 35 11 19 22 27 36 1 11
1983 36 5 8 9 10 29 3 9
1983 37 4 16 39 44 50 1 12
1983 38 8 20 37 39 50 2 3
1983 39 6 11 13 23 39 10 11
1983 40 3 14 22 25 39 1 8
1983 41 13 27 33 35 50 1 3
1983 42 14 21 26 27 45 9 10
1983 43 3 11 24 26 35 5 10
1983 44 7 10 17 26 47 8 22
1983 45 5 6 25 32 46 1 5
1983 46 9 11 31 46 49 1 12
1983 47 4 10 26 45 49 10 12
1983 48 2 7 15 19 33 1 2
1983 49 3 9 17 22 29 1 11
1983 50 1 34 41 48 50 1 5
1983 51 7 14 15 16 46 2 5
1983 52 6 28 30 40 47 1 12
1984 1 23 32 33 37 43 7 9
1984 2 15 21 24 34 44 3 8
1984 3 4 8 14 15 26 6 10
1984 4 14 33 35 37 45 2 5
1984 5 4 18 27 39 40 3 10
1984 6 4 9 10 28 47 10 12
1984 7 3 14 31 38 47 1 4
1984 8 10 20 22 35 44 3 6
1984 9 23 30 34 41 48 5 10
1984 10 6 8 9 25 41 3 11
1984 11 6 18 20 42 47 1 12
1984 12 12 13 14 28 35 10 12
1984 13 1 20 23 24 35 6 12
1984 14 25 27 31 39 45 1 6
1984 15 4 35 47 48 50 1 4
1984 16 19 34 44 47 49 8 9
1984 17 7 13 23 33 48 5 8
1984 18 3 4 7 30 44 3 8
1984 19 2 11 19 36 37 1 11
1984 20 15 19 23 32 42 3 8
1984 21 2 3 5 23 41 4 5
1984 22 5 7 28 33 49 4 11
1984 23 1 6 22 45 50 1 6
1984 24 1 3 15 34 41 7 10
1984 25 2 8 17 37 49 4 12
1984 26 14 18 20 21 25 1 12
1984 27 16 23 28 31 38 5 7
1984 28 2 9 11 17 49 2 9
1984 29 3 10 30 40 44 10 11
1984 30 3 5 19 31 33 1 11
1984 31 5 32 38 42 45 1 8
1984 32 2 20 38 39 47 3 6
1984 33 19 23 31 49 50 1 12
1984 34 3 8 20 29 43 1 10
1984 35 1 7 13 43 49 2 12
1984 36 11 12 30 37 42 5 6
1984 37 2 23 26 31 44 1 4
1984 38 1 4 19 29 39 3 10
1984 39 18 22 26 31 50 7 8
1984 40 1 8 15 43 49 7 11
1984 41 3 20 33 36 50 2 4
1984 42 1 18 34 38 41 2 12
1984 43 7 11 24 33 38 1 5
1984 44 3 11 18 25 45 1 11
1984 45 5 18 26 38 49 4 5
1984 46 1 11 15 30 50 1 9
1984 47 7 21 27 34 39 4 7
1984 48 7 8 22 23 43 8 12
1984 49 1 34 38 45 48 1 12
1984 50 25 29 34 43 48 4 7
1984 51 2 18 30 36 38 2 11
1984 52 3 27 33 41 48 2 7
1985 1 25 33 39 45 47 2 9
1985 2 4 10 22 27 49 4 11
1985 3 6 11 17 25 38 3 11
1985 4 7 9 10 17 19 8 12
1985 5 21 24 34 42 46 6 12
1985 6 1 8 10 27 38 9 12
1985 7 14 16 25 31 41 3 8
1985 8 3 4 7 40 49 2 11
1985 9 9 37 42 46 49 11 12
1985 10 1 2 35 37 43 4 10
1985 11 1 33 35 42 45 7 11
1985 12 5 23 28 31 49 10 11
1985 13 6 20 27 45 50 9 10
1985 14 5 14 23 49 50 4 11
1985 15 7 11 22 37 49 9 12
1985 16 9 26 32 44 47 7 12
1985 17 6 21 35 42 44 6 12
1985 18 4 9 14 23 30 3 8
1985 19 5 23 29 32 49 3 12
1985 20 1 14 15 30 39 1 5
1985 21 7 22 35 44 50 1 12
1985 22 11 17 27 41 42 1 9
1985 23 11 22 28 32 48 6 9
1985 24 13 16 21 33 43 3 10
1985 25 8 18 21 25 31 3 4
1985 26 11 35 46 47 49 4 10
1985 27 1 9 17 22 23 4 12
1985 28 4 8 11 16 49 9 11
1985 29 28 31 33 41 50 5 6
1985 30 3 15 32 42 44 6 11
1985 31 12 30 38 49 50 4 7
1985 32 6 20 21 33 48 7 8
1985 33 7 12 22 45 49 3 10
1985 34 1 4 11 29 30 1 5
1985 35 5 8 19 32 43 4 11
1985 36 14 25 30 37 47 7 11
1985 37 7 11 16 39 45 5 9
1985 38 10 17 29 30 37 4 5
1985 39 5 6 21 25 49 8 10
1985 40 4 18 19 35 43 3 11
1985 41 11 30 36 45 49 2 9
1985 42 5 13 17 29 34 3 7
1985 43 7 10 16 29 37 1 8
1985 44 2 6 38 41 45 6 8
1985 45 16 21 27 35 37 2 5
1985 46 1 15 27 33 49 1 9
1985 47 10 16 23 34 36 5 7
1985 48 16 27 31 33 50 5 8
1985 49 2 9 15 21 47 3 6
1985 50 2 14 18 24 44 5 11
1985 51 15 16 17 29 48 6 7
1985 52 9 34 35 42 50 6 10
1986 1 5 11 21 25 31 4 5
1986 2 25 27 28 38 47 7 10
1986 3 7 10 21 46 47 6 12
1986 4 2 11 13 15 23 1 6
1986 5 1 9 17 23 34 3 11
1986 6 1 10 25 34 39 3 7
1986 7 1 11 18 33 43 5 6
1986 8 1 5 36 37 45 3 9
1986 9 21 26 33 38 39 1 3
1986 10 5 16 29 38 49 1 3
1986 11 2 4 6 29 30 2 12
1986 12 2 6 10 17 30 6 9
1986 13 5 21 29 40 46 7 12
1986 14 4 5 26 27 28 2 3
1986 15 5 11 15 32 43 4 10
1986 16 4 5 10 34 41 6 12
1986 17 16 26 33 34 39 1 3
1986 18 4 11 13 45 48 2 11
1986 19 16 17 18 37 39 1 11
1986 20 8 10 12 19 26 1 7
1986 21 1 4 5 8 12 6 10
1986 22 12 20 25 40 50 10 11
1986 23 1 10 33 38 42 7 12
1986 24 17 19 23 28 39 6 9
1986 25 8 17 22 38 50 3 9
1986 26 5 10 29 42 43 6 10
1986 27 4 28 32 37 38 1 5
1986 28 3 11 19 36 39 1 10
1986 29 2 13 32 43 50 4 7
1986 30 9 10 14 18 26 5 8
1986 31 11 12 15 25 27 3 10
1986 32 1 7 10 12 15 4 11
1986 33 4 29 32 42 47 2 7
1986 34 5 12 15 38 44 9 12
1986 35 10 11 14 25 46 2 9
1986 36 21 30 38 43 46 6 12
1986 37 1 2 11 19 27 11 12
1986 38 1 23 32 45 48 2 8
1986 39 20 25 26 39 50 2 11
1986 40 18 23 26 27 36 7 12
1986 41 3 4 8 18 47 11 12
1986 42 15 19 26 27 45 2 10
1986 43 22 36 40 42 44 10 12
1986 44 6 14 26 40 48 2 10
1986 45 12 23 35 44 49 10 11
1986 46 2 9 19 22 31 2 8
1986 47 8 12 17 37 40 7 8
1986 48 14 18 30 43 44 1 12
1986 49 9 22 24 29 32 5 6
1986 50 6 9 25 37 47 8 11
1986 51 3 5 8 28 35 1 7
1986 52 3 18 24 31 43 7 9
1987 1 3 12 30 43 49 6 8
1987 2 1 2 44 45 47 6 7
1987 3 7 12 23 33 40 3 8
1987 4 3 14 32 37 46 2 5
1987 5 15 28 30 41 49 6 9
1987 6 9 14 31 36 42 1 11
1987 7 2 17 25 35 49 1 10
1987 8 3 29 32 35 42 5 7
1987 9 5 8 24 31 48 3 12
1987 10 9 15 19 43 50 1 12
1987 11 14 18 22 26 29 8 11
1987 12 19 20 31 46 50 7 8
1987 13 5 11 17 20 28 4 5
1987 14 10 24 27 43 46 2 10
1987 15 1 11 12 39 44 5 7
1987 16 1 3 4 23 30 2 9
1987 17 9 18 19 42 50 5 8
1987 18 5 6 15 30 35 7 12
1987 19 3 17 34 37 48 6 10
1987 20 10 20 24 34 36 4 12
1987 21 23 26 29 34 38 1 4
1987 22 3 4 42 47 48 11 12
1987 23 2 28 37 45 50 1 9
1987 24 28 29 39 40 44 7 10
1987 25 9 13 23 35 37 6 10
1987 26 7 17 25 33 46 7 11
1987 27 22 37 42 46 49 4 12
1987 28 12 31 42 46 48 10 12
1987 29 4 14 27 28 34 3 4
1987 30 20 32 33 38 42 3 4
1987 31 8 20 26 35 47 3 12
1987 32 2 6 13 21 33 3 5
1987 33 12 14 31 40 49 6 12
1987 34 7 25 44 46 49 9 10
1987 35 5 14 28 31 48 6 9
1987 36 11 15 18 42 46 1 7
1987 37 1 16 20 32 34 3 10
1987 38 12 15 29 31 41 4 5
1987 39 13 18 20 35 46 2 9
1987 40 5 6 35 46 48 8 10
1987 41 10 12 17 19 22 1 8
1987 42 3 11 16 26 47 2 9
1987 43 5 9 21 29 36 3 7
1987 44 11 18 27 40 45 7 12
1987 45 12 14 39 43 48 8 10
1987 46 2 29 33 36 40 4 9
1987 47 1 7 10 22 46 4 8
1987 48 12 14 19 36 38 2 5
1987 49 8 18 29 31 44 6 12
1987 50 3 17 19 22 46 1 6
1987 51 11 23 26 33 50 5 6
1987 52 4 17 27 29 37 5 10
1988 1 14 16 36 40 47 1 3
1988 2 2 12 40 41 45 3 7
1988 3 2 16 24 39 42 1 10
1988 4 2 16 30 41 50 4 10
1988 5 4 39 40 41 46 1 11
1988 6 5 21 30 33 40 6 11
1988 7 9 14 17 31 48 5 11
1988 8 3 4 15 18 41 4 12
1988 9 9 16 26 42 49 3 7
1988 10 5 12 42 44 49 6 10
1988 11 19 22 32 33 35 3 10
1988 12 9 32 33 35 43 1 6
1988 13 5 19 23 34 49 8 10
1988 14 2 25 26 34 48 2 10
1988 15 12 18 25 35 39 1 3
1988 16 12 13 14 26 36 4 12
1988 17 19 21 29 31 39 1 9
1988 18 2 13 17 33 35 2 5
1988 19 1 11 29 33 45 9 12
1988 20 4 8 28 33 48 11 12
1988 21 8 15 16 42 44 1 4
1988 22 2 8 11 39 41 6 8
1988 23 12 21 30 39 44 3 8
1988 24 12 28 34 39 48 1 10
1988 25 4 7 9 18 32 9 11
1988 26 1 4 11 32 34 4 7
1988 27 2 14 18 41 43 4 11
1988 28 5 12 21 43 45 8 11
1988 29 2 7 13 18 32 1 6
1988 30 7 9 26 37 45 1 4
1988 31 2 12 25 38 42 3 7
1988 32 4 9 23 32 46 8 12
1988 33 1 5 26 29 43 2 11
1988 34 7 18 19 30 43 2 10
1988 35 5 13 22 25 33 2 3
1988 36 13 17 20 22 34 6 8
1988 37 23 33 39 47 48 8 12
1988 38 6 13 19 21 50 5 9
1988 39 3 8 24 31 50 5 10
1988 40 3 8 18 38 44 2 4
1988 41 1 12 15 31 50 5 7
1988 42 2 17 26 29 40 1 8
1988 43 12 19 24 35 39 8 9
1988 44 4 5 14 23 50 4 8
1988 45 2 9 23 46 48 8 11
1988 46 5 13 17 40 44 4 7
1988 47 15 18 29 33 36 2 8
1988 48 2 6 13 34 48 5 10
1988 49 1 3 14 17 19 9 10
1988 50 8 18 26 36 40 4 8
1988 51 11 26 32 33 44 8 12
1988 52 8 25 36 39 47 3 6
1989 1 11 15 27 34 48 2 6
1989 2 1 2 3 36 45 11 12
1989 3 8 18 35 48 50 1 4
1989 4 13 14 18 42 45 1 12
1989 5 15 30 31 40 43 7 8
1989 6 16 23 24 34 45 2 6
1989 7 1 5 7 28 36 1 8
1989 8 11 12 22 29 32 1 4
1989 9 3 13 16 20 31 5 12
1989 10 6 9 16 44 45 1 7
1989 11 3 12 16 17 35 3 10
1989 12 9 11 15 33 50 1 3
1989 13 5 18 25 30 39 9 11
1989 14 8 34 43 44 49 2 6
1989 15 7 23 29 35 45 1 11
1989 16 11 30 31 43 45 1 12
1989 17 30 34 39 40 44 1 3
1989 18 6 11 34 43 50 1 7
1989 19 14 19 23 39 47 4 12
1989 20 4 14 22 29 31 9 10
1989 21 4 11 21 41 45 2 10
1989 22 8 12 22 25 47 3 7
1989 23 2 4 12 19 44 9 10
1989 24 4 11 13 25 31 4 12
1989 25 2 20 21 27 44 7 8
1989 26 12 18 20 25 43 4 5
1989 27 20 28 29 35 49 8 11
1989 28 17 19 22 46 48 8 11
1989 29 12 34 36 40 46 10 11
1989 30 11 14 15 18 36 3 12
1989 31 3 7 17 25 40 3 11
1989 32 16 23 41 43 44 2 3
1989 33 22 25 26 33 38 6 10
1989 34 13 14 36 39 49 6 12
1989 35 2 9 31 35 40 10 12
1989 36 6 19 31 36 50 2 5
1989 37 9 18 45 46 47 10 12
1989 38 6 8 14 28 44 3 9
1989 39 30 38 40 42 43 5 6
1989 40 13 17 20 33 43 2 11
1989 41 2 9 30 31 33 6 8
1989 42 13 27 35 36 47 6 11
1989 43 13 26 33 34 45 8 10
1989 44 7 8 20 23 32 6 11
1989 45 5 20 27 34 50 2 9
1989 46 4 15 23 30 47 5 8
1989 47 11 14 30 32 35 4 6
1989 48 6 7 19 20 49 1 4
1989 49 9 23 25 32 41 3 12
1989 50 23 27 29 39 50 3 9
1989 51 2 8 35 45 50 9 12
1989 52 1 9 19 34 46 7 12
1990 1 13 14 35 41 42 5 6
1990 2 10 32 36 44 45 7 11
1990 3 3 10 16 43 48 8 11
1990 4 2 3 9 20 40 4 8
1990 5 3 26 38 43 49 3 10
1990 6 8 16 22 36 42 2 12
1990 7 20 26 34 42 45 4 8
1990 8 3 15 31 34 49 10 12
1990 9 7 8 19 27 30 4 7
1990 10 4 17 24 26 40 1 6
1990 11 1 3 4 17 37 8 9
1990 12 12 14 19 34 36 2 11
1990 13 20 27 37 45 47 5 6
1990 14 16 18 21 29 42 7 8
1990 15 3 13 17 18 49 1 9
1990 16 3 5 20 45 46 3 11
1990 17 4 8 15 25 49 4 9
1990 18 3 11 13 15 24 5 7
1990 19 15 27 28 32 48 8 11
1990 20 5 13 20 23 46 2 8
1990 21 8 15 27 32 36 4 6
1990 22 8 32 37 42 50 6 9
1990 23 1 3 13 18 35 2 7
1990 24 4 10 19 37 45 2 5
1990 25 15 18 27 38 42 7 9
1990 26 22 25 32 40 46 6 10
1990 27 17 20 25 26 38 9 11
1990 28 2 9 12 30 43 5 7
1990 29 2 29 31 32 33 8 10
1990 30 2 5 7 20 40 3 5
1990 31 9 10 14 40 43 1 2
1990 32 9 15 20 33 46 8 10
1990 33 9 18 21 28 48 6 12
1990 34 3 5 18 24 32 2 10
1990 35 6 24 37 41 48 6 7
1990 36 16 31 34 40 50 3 10
1990 37 14 26 30 40 47 5 12
1990 38 17 24 31 41 46 4 8
1990 39 11 20 21 43 47 4 6
1990 40 9 14 15 23 44 4 7
1990 41 11 14 15 19 31 2 6
1990 42 3 11 13 17 29 8 10
1990 43 9 19 35 36 48 3 9
1990 44 11 15 29 41 42 1 8
1990 45 18 35 44 48 50 2 7
1990 46 4 8 12 14 18 10 11
1990 47 8 28 36 43 47 6 10
1990 48 1 20 30 34 35 6 9
1990 49 3 4 22 35 42 4 12
1990 50 2 6 8 39 43 8 12
1990 51 1 7 13 16 49 1 7
1990 52 10 15 20 30 47 9 11
1991 1 1 25 27 28 44 11 12
1991 2 7 13 21 29 45 6 9
1991 3 5 30 31 32 47 4 6
1991 4 12 17 19 22 39 9 11
1991 5 7 9 25 28 31 1 7
1991 6 7 14 24 37 48 3 6
1991 7 19 33 36 43 46 1 2
1991 8 4 10 18 35 48 1 10
1991 9 4 22 27 37 50 2 9
1991 10 2 17 18 41 49 9 11
1991 11 10 12 14 38 40 8 10
1991 12 10 12 14 17 38 10 11
1991 13 21 22 26 32 49 1 11
1991 14 13 23 35 38 39 5 9
1991 15 18 19 20 25 50 10 11
1991 16 1 7 9 18 40 4 6
1991 17 20 33 35 40 44 4 10
1991 18 1 17 26 30 46 5 7
1991 19 3 20 47 49 50 7 12
1991 20 3 15 27 28 40 8 10
1991 21 4 10 20 43 45 2 8
1991 22 19 23 24 42 46 3 10
1991 23 8 15 19 22 47 6 9
1991 24 1 5 19 28 41 3 4
1991 25 8 9 12 30 38 7 8
1991 26 2 13 15 26 32 6 9
1991 27 11 12 23 32 39 2 11
1991 28 3 13 16 42 49 1 10
1991 29 17 32 35 40 50 3 6
1991 30 2 4 5 32 38 5 6
1991 31 11 24 30 31 48 3 12
1991 32 5 26 28 36 42 6 10
1991 33 1 32 35 45 47 10 12
1991 34 15 27 37 44 45 7 10
1991 35 2 31 37 40 44 4 10
1991 36 22 33 42 44 49 8 10
1991 37 20 27 28 43 46 7 10
1991 38 2 12 31 39 41 2 7
1991 39 6 11 30 41 48 6 7
1991 40 6 7 10 44 50 6 12
1991 41 1 5 46 47 48 4 11
1991 42 5 18 26 31 40 1 12
1991 43 25 35 40 44 48 8 10
1991 44 7 12 26 31 41 6 11
1991 45 3 4 30 31 42 7 10
1991 46 2 6 40 44 49 4 10
1991 47 8 27 28 30 46 1 10
1991 48 1 3 6 14 46 2 3
1991 49 13 14 22 40 45 4 10
1991 50 6 25 27 28 31 8 9
1991 51 1 15 21 23 40 3 10
1991 52 1 7 23 25 41 3 4
1992 1 2 14 31 32 35 8 10
1992 2 12 15 30 33 50 4 10
1992 3 9 23 33 37 41 6 7
1992 4 4 14 23 33 43 1 10
1992 5 2 5 7 12 42 2 7
1992 6 12 14 24 28 32 11 12
1992 7 16 21 33 43 50 2 3
1992 8 7 16 26 43 47 6 9
1992 9 5 22 26 45 48 2 3
1992 10 10 18 23 38 39 1 11
1992 11 11 23 29 41 42 8 12
1992 12 6 7 13 36 50 5 6
1992 13 7 29 30 36 50 4 10
1992 14 1 7 9 31 43 8 12
1992 15 10 18 36 40 50 4 8
1992 16 6 19 28 31 42 6 9
1992 17 14 27 35 48 49 2 9
1992 18 13 22 26 36 42 8 12
1992 19 12 27 39 45 46 1 9
1992 20 1 10 38 39 41 1 2
1992 21 8 23 30 38 44 1 8
1992 22 7 8 19 24 43 6 9
1992 23 7 11 18 32 42 2 7
1992 24 9 26 30 36 45 10 12
1992 25 2 3 15 21 50 5 11
1992 26 8 10 12 19 40 5 7
1992 27 15 18 21 25 40 1 6
1992 28 6 15 22 26 35 2 8
1992 29 2 11 13 22 50 1 9
1992 30 6 13 35 36 47 10 11
1992 31 16 23 30 37 40 6 7
1992 32 16 20 30 31 33 6 12
1992 33 10 11 17 29 45 6 8
1992 34 4 8 10 14 21 3 11
1992 35 7 16 18 32 48 1 3
1992 36 11 15 22 34 50 5 8
1992 37 8 12 32 36 48 4 9
1992 38 9 29 37 47 50 6 12
1992 39 22 24 37 41 43 5 8
1992 40 9 27 29 45 50 9 10
1992 41 2 3 29 44 49 5 10
1992 42 4 15 25 27 47 2 4
1992 43 25 26 33 38 50 7 9
1992 44 3 4 23 26 33 7 9
1992 45 10 25 30 38 42 5 8
1992 46 4 8 24 26 40 2 8
1992 47 12 27 31 35 37 6 12
1992 48 2 5 18 21 39 3 5
1992 49 3 17 33 44 50 1 4
1992 50 2 12 18 38 49 3 6
1992 51 15 21 28 34 46 10 11
1992 52 9 14 21 31 48 3 12
1993 1 4 20 30 32 49 2 7
1993 2 5 6 26 38 47 1 3
1993 3 15 31 37 41 42 6 12
1993 4 4 42 43 44 48 6 12
1993 5 11 17 30 37 41 6 8
1993 6 7 10 12 18 36 10 12
1993 7 3 17 27 46 50 8 9
1993 8 10 19 22 26 35 2 8
1993 9 15 17 18 21 22 3 7
1993 10 3 16 23 31 33 5 6
1993 11 5 8 10 14 32 5 11
1993 12 12 18 24 35 47 5 8
1993 13 8 11 17 18 27 4 5
1993 14 16 40 42 46 48 3 4
1993 15 4 11 14 39 45 2 12
1993 16 15 18 20 30 44 2 9
1993 17 2 17 24 28 36 9 12
1993 18 2 19 25 34 36 1 12
1993 19 36 40 45 47 49 3 7
1993 20 13 22 37 47 49 7 9
1993 21 8 9 13 21 33 6 10
1993 22 3 6 11 21 38 9 10
1993 23 15 19 31 38 43 2 6
1993 24 18 28 46 47 50 3 11
1993 25 3 5 24 26 40 2 11
1993 26 6 25 37 38 48 2 8
1993 27 15 24 42 46 49 9 12
1993 28 4 5 14 33 35 2 5
1993 29 34 37 41 42 47 2 5
1993 30 17 29 30 37 42 9 10
1993 31 3 17 18 24 43 6 12
1993 32 19 25 31 41 46 1 6
1993 33 5 19 28 36 38 2 4
1993 34 16 18 24 25 45 2 4
1993 35 1 13 20 30 34 1 8
1993 36 4 19 26 27 33 2 10
1993 37 24 25 39 40 46 5 11
1993 38 3 9 11 12 14 7 9
1993 39 3 22 28 29 36 1 11
1993 40 1 9 24 26 50 3 5
1993 41 7 14 24 33 37 3 12
1993 42 1 20 28 34 40 4 9
1993 43 8 27 28 37 49 1 7
1993 44 4 5 7 33 36 5 10
1993 45 6 14 21 33 42 5 11
1993 46 19 20 31 38 39 2 6
1993 47 26 27 28 29 50 4 7
1993 48 8 14 19 26 47 1 6
1993 49 9 16 37 48 50 9 11
1993 50 3 12 22 27 47 3 10
1993 51 5 12 32 48 50 6 10
1993 52 10 27 39 46 47 3 12
1994 1 1 5 7 26 45 10 12
1994 2 4 16 18 45 46 2 12
1994 3 23 28 35 47 50 2 6
1994 4 1 6 22 29 47 2 3
1994 5 8 14 29 42 45 7 11
1994 6 17 18 39 41 42 4 7
1994 7 4 6 18 30 48 3 7
1994 8 1 4 7 12 46 7 12
1994 9 7 17 23 35 49 6 7
1994 10 3 14 20 37 48 8 10
1994 11 1 11 30 36 43 7 10
1994 12 5 15 23 35 48 2 8
1994 13 3 16 17 24 45 3 12
1994 14 3 6 24 35 46 3 8
1994 15 1 20 38 44 46 1 5
1994 16 9 15 16 37 44 1 10
1994 17 20 28 33 40 42 2 10
1994 18 37 40 41 45 47 7 8
1994 19 2 12 18 28 33 7 10
1994 20 3 7 13 17 37 2 10
1994 21 6 10 12 26 50 1 7
1994 22 7 14 16 38 49 7 12
1994 23 14 20 25 31 42 5 8
1994 24 2 7 33 44 49 10 11
1994 25 7 9 25 33 39 5 10
1994 26 1 17 32 45 49 7 9
1994 27 1 15 34 35 45 2 7
1994 28 13 20 30 36 44 5 12
1994 29 7 24 31 35 39 6 11
1994 30 6 13 28 30 42 5 8
1994 31 9 20 21 37 47 4 6
1994 32 2 25 38 49 50 1 12
1994 33 8 12 23 26 48 2 10
1994 34 12 25 38 40 47 1 11
1994 35 7 11 32 42 45 3 12
1994 36 15 20 29 42 49 10 12
1994 37 16 26 30 34 43 2 4
1994 38 10 16 27 47 49 3 6
1994 39 2 15 30 31 36 8 11
1994 40 11 17 26 34 49 8 10
1994 41 6 22 31 37 38 8 9
1994 42 9 11 17 42 48 4 12
1994 43 20 21 33 42 44 6 10
1994 44 5 10 23 39 44 6 7
1994 45 1 19 26 35 37 1 6
1994 46 12 24 28 44 48 8 9
1994 47 11 16 23 36 39 3 5
1994 48 8 10 11 29 30 1 3
1994 49 5 11 20 21 25 2 4
1994 50 3 6 15 19 49 5 12
1994 51 16 18 23 33 47 3 11
1994 52 5 10 15 39 42 6 7
1995 1 5 18 23 28 49 2 12
1995 2 17 19 30 39 45 6 7
1995 3 13 19 27 30 45 6 10
1995 4 6 7 10 24 46 1 6
1995 5 3 4 31 35 39 1 12
1995 6 14 16 24 33 41 5 7
1995 7 1 11 19 25 30 10 11
1995 8 8 9 14 28 39 3 6
1995 9 18 23 25 30 35 5 8
1995 10 1 13 14 22 37 5 10
1995 11 12 15 23 41 49 8 9
1995 12 6 14 20 30 45 4 8
1995 13 7 13 31 32 46 9 12
1995 14 9 23 37 38 48 7 11
1995 15 11 14 22 27 30 1 7
1995 16 2 3 10 41 49 1 4
1995 17 2 8 10 28 30 7 12
1995 18 11 12 28 36 48 4 8
1995 19 1 14 17 23 38 2 4
1995 20 27 28 29 44 48 1 10
1995 21 5 15 28 30 50 3 5
1995 22 3 12 14 20 29 1 2
1995 23 2 11 12 31 41 6 8
1995 24 7 15 18 20 44 10 11
1995 25 7 13 19 33 41 4 5
1995 26 2 7 11 33 43 7 9
1995 27 8 13 14 24 48 9 10
1995 28 1 14 17 23 41 1 10
1995 29 14 40 41 47 50 8 11
1995 30 10 14 16 21 24 4 10
1995 31 8 10 16 41 45 1 8
1995 32 8 15 17 24 50 9 12
1995 33 10 12 14 29 30 4 11
1995 34 1 19 28 29 31 6 11
1995 35 8 10 11 49 50 6 10
1995 36 3 10 13 39 43 2 5
1995 37 20 27 32 43 48 9 11
1995 38 10 26 28 34 45 1 7
1995 39 27 29 37 43 49 5 11
1995 40 14 18 21 34 36 2 12
1995 41 6 17 32 42 49 5 10
1995 42 9 10 23 25 50 2 7
1995 43 2 17 27 29 34 6 8
1995 44 5 8 12 19 41 10 11
1995 45 25 26 28 31 40 5 6
1995 46 7 19 22 35 50 2 11
1995 47 1 8 10 11 35 2 9
1995 48 1 3 23 42 49 9 10
1995 49 5 16 24 25 48 9 11
1995 50 4 7 15 38 42 1 11
1995 51 11 20 23 38 39 1 2
1995 52 1 4 16 45 49 1 6
1996 1 1 16 29 41 45 5 9
1996 2 7 19 34 39 48 4 5
1996 3 7 9 20 26 31 7 11
1996 4 11 27 34 46 47 1 6
1996 5 2 19 27 29 49 1 3
1996 6 5 24 25 41 42 5 10
1996 7 1 17 36 48 49 7 10
1996 8 12 13 26 40 45 5 10
1996 9 9 12 37 48 50 3 5
1996 10 8 17 27 30 49 3 4
1996 11 20 22 34 38 46 4 10
1996 12 15 18 24 29 33 7 10
1996 13 5 19 29 32 40 1 9
1996 14 9 20 22 39 45 6 12
1996 15 1 11 14 31 49 3 10
1996 16 5 22 25 32 33 2 7
1996 17 5 12 22 31 43 4 7
1996 18 28 30 32 41 50 1 10
1996 19 3 29 34 46 50 5 7
1996 20 20 31 39 40 50 3 12
1996 21 19 28 33 38 44 2 7
1996 22 6 19 21 29 48 1 7
1996 23 4 7 19 28 41 10 11
1996 24 4 8 27 34 39 2 7
1996 25 6 27 28 39 41 6 8
1996 26 11 14 35 41 47 4 8
1996 27 6 13 24 27 43 2 3
1996 28 3 13 15 45 47 8 10
1996 29 4 12 21 32 47 1 12
1996 30 14 16 33 35 41 1 12
1996 31 13 20 34 45 47 6 11
1996 32 1 3 6 10 11 5 8
1996 33 20 24 26 40 43 2 5
1996 34 17 18 19 33 40 6 7
1996 35 2 7 20 29 44 1 10
1996 36 1 2 3 14 19 4 6
1996 37 15 19 31 40 41 1 3
1996 38 1 34 36 37 39 6 8
1996 39 8 13 14 32 35 3 7
1996 40 6 26 33 37 48 1 4
1996 41 21 37 40 42 48 5 9
1996 42 5 9 14 30 46 3 7
1996 43 1 8 22 32 41 2 8
1996 44 2 6 14 22 50 4 7
1996 45 2 14 33 35 43 6 9
1996 46 20 21 38 40 45 2 6
1996 47 8 20 25 39 44 3 8
1996 48 16 21 29 35 45 3 4
1996 49 5 6 9 30 35 10 12
1996 50 4 16 23 31 32 2 4
1996 51 5 11 12 25 50 4 9
1996 52 14 19 25 26 36 1 2
1997 1 1 7 30 38 45 3 9
1997 2 11 14 26 27 34 5 11
1997 3 14 20 24 34 43 6 10
1997 4 6 9 17 41 46 2 7
1997 5 2 26 32 34 49 5 12
1997 6 13 30 31 34 48 1 11
1997 7 3 6 9 37 46 2 10
1997 8 11 19 31 43 50 2 11
1997 9 8 21 22 25 32 5 9
1997 10 9 21 38 39 47 2 4
1997 11 9 11 19 27 31 6 9
1997 12 9 10 19 24 40 2 4
1997 13 10 27 31 36 50 2 10
1997 14 12 21 25 39 45 5 10
1997 15 2 6 10 13 21 4 7
1997 16 3 12 23 29 44 4 7
1997 17 12 13 22 30 44 7 8
1997 18 14 26 27 31 37 2 7
1997 19 6 14 33 34 39 2 4
1997 20 9 13 15 19 33 1 7
1997 21 6 10 17 35 48 9 12
1997 22 3 11 14 21 47 5 7
1997 23 22 24 29 35 39 10 11
1997 24 5 19 20 34 35 1 5
1997 25 8 22 28 44 50 11 12
1997 26 3 17 34 45 49 6 12
1997 27 11 14 16 35 37 9 11
1997 28 3 13 30 41 50 11 12
1997 29 3 24 27 32 35 1 7
1997 30 3 14 23 41 50 2 5
1997 31 12 23 33 45 48 2 6
1997 32 1 19 29 41 47 2 6
1997 33 23 24 28 29 33 3 11
1997 34 16 20 37 39 43 5 6
1997 35 8 14 28 42 44 9 12
1997 36 8 10 15 20 31 4 5
1997 37 6 9 12 21 36 9 12
1997 38 7 9 18 40 50 3 4
1997 39 11 13 27 39 45 2 6
1997 40 15 19 20 32 36 6 11
1997 41 9 15 23 40 49 2 6
1997 42 4 7 14 22 39 3 11
1997 43 19 20 34 37 44 6 11
1997 44 28 30 36 43 47 8 12
1997 45 7 11 21 23 35 6 9
1997 46 1 3 7 10 17 11 12
1997 47 10 11 20 28 36 5 8
1997 48 1 18 36 41 46 1 9
1997 49 8 21 29 35 40 1 4
1997 50 3 7 14 20 45 2 8
1997 51 7 16 34 36 49 5 8
1997 52 6 10 40 44 50 6 7
1998 1 11 33 35 42 44 2 11
1998 2 2 11 14 28 42 8 9
1998 3 7 8 18 32 49 4 5
1998 4 6 29 32 47 48 6 8
1998 5 12 18 28 30 48 1 5
1998 6 19 29 31 40 46 5 12
1998 7 17 29 36 39 50 3 12
1998 8 14 15 29 34 48 7 10
1998 9 9 11 29 39 41 4 5
1998 10 4 16 21 41 48 1 4
1998 11 1 24 28 36 49 1 4
1998 12 37 39 40 47 48 3 8
1998 13 2 17 22 24 47 9 12
1998 14 17 27 30 40 42 5 9
1998 15 4 6 19 22 32 7 8
1998 16 1 2 11 12 43 7 8
1998 17 19 34 36 40 42 3 8
1998 18 25 29 41 44 50 4 11
1998 19 12 17 25 34 50 3 4
1998 20 10 14 16 42 48 4 12
1998 21 9 26 31 33 50 1 2
1998 22 4 31 34 36 41 9 10
1998 23 2 28 32 38 45 3 9
1998 24 14 15 36 45 49 3 5
1998 25 1 17 32 38 42 1 12
1998 26 7 8 20 32 47 1 6
1998 27 3 13 17 20 40 11 12
1998 28 13 15 18 42 44 3 9
1998 29 7 15 22 26 40 7 11
1998 30 13 26 36 43 50 2 5
1998 31 1 2 9 17 24 6 7
1998 32 7 20 38 41 44 2 12
1998 33 6 20 23 35 44 1 12
1998 34 10 27 29 32 35 5 10
1998 35 6 18 29 33 39 5 10
1998 36 1 15 19 20 28 1 2
1998 37 7 26 29 36 37 6 11
1998 38 12 13 30 43 49 2 12
1998 39 13 19 27 41 49 1 7
1998 40 17 21 27 35 37 10 11
1998 41 2 5 28 34 47 10 12
1998 42 10 11 14 43 44 4 9
1998 43 14 30 33 36 44 3 9
1998 44 15 19 20 46 50 1 11
1998 45 2 11 16 39 40 9 10
1998 46 9 12 13 25 38 4 6
1998 47 9 20 24 38 49 4 12
1998 48 10 11 13 19 20 5 6
1998 49 2 10 31 46 50 10 12
1998 50 2 6 8 35 39 7 9
1998 51 8 35 43 44 45 4 6
1998 52 10 16 17 32 44 7 10
1999 1 4 17 20 24 29 7 10
1999 2 6 14 21 26 43 4 10
1999 3 1 18 24 27 28 3 11
1999 4 6 21 30 34 38 5 8
1999 5 6 16 19 22 29 5 12
1999 6 7 11 28 38 44 7 10
1999 7 3 12 13 26 39 1 9
1999 8 1 8 38 43 44 5 8
1999 9 17 21 27 30 44 3 11
1999 10 12 21 24 35 38 5 10
1999 11 6 10 23 33 41 3 5
1999 12 2 16 21 26 27 6 11
1999 13 8 30 35 36 49 1 10
1999 14 2 7 21 27 45 9 10
1999 15 11 19 21 26 30 6 9
1999 16 13 14 27 31 35 2 3
1999 17 8 22 23 35 47 4 6
1999 18 14 18 28 38 40 8 10
1999 19 2 35 40 44 47 2 3
1999 20 35 37 39 40 44 3 11
1999 21 3 11 35 46 49 11 12
1999 22 12 22 29 37 39 5 8
1999 23 2 5 7 14 33 8 12
1999 24 2 6 15 27 43 1 3
1999 25 6 10 33 40 50 6 10
1999 26 9 13 24 34 46 3 7
1999 27 6 8 32 37 42 5 10
1999 28 10 11 21 37 50 6 9
1999 29 4 19 24 35 50 11 12
1999 30 9 14 31 41 47 6 10
1999 31 1 10 13 32 38 3 11
1999 32 8 26 28 40 41 5 9
1999 33 10 18 19 20 30 1 2
1999 34 7 9 25 36 46 4 12
1999 35 16 22 34 43 50 6 12
1999 36 2 6 7 15 16 8 10
1999 37 5 30 32 37 40 1 12
1999 38 34 39 41 42 50 6 10
1999 39 3 14 27 29 31 3 12
1999 40 18 20 22 32 33 2 11
1999 41 15 16 24 25 35 3 7
1999 42 8 15 26 42 44 7 11
1999 43 1 8 13 28 33 3 8
1999 44 7 14 30 31 46 9 10
1999 45 3 16 27 28 40 8 9
1999 46 1 14 40 45 47 11 12
1999 47 3 5 32 33 50 5 9
1999 48 16 37 39 40 47 2 6
1999 49 23 26 37 41 47 4 11
1999 50 7 19 32 41 43 5 11
1999 51 7 24 30 41 49 11 12
1999 52 6 11 23 30 35 10 11
2000 1 7 8 18 30 32 4 7
2000 2 2 18 23 30 45 3 5
2000 3 12 14 17 35 46 3 8
2000 4 1 6 26 27 37 1 2
2000 5 10 13 14 27 33 5 7
2000 6 2 3 5 26 36 5 10
2000 7 3 7 10 20 24 11 12
2000 8 8 11 22 36 45 2 4
2000 9 8 11 28 37 39 5 11
2000 10 2 9 27 35 37 2 10
2000 11 11 12 28 30 31 5 7
2000 12 11 12 16 29 33 2 10
2000 13 3 21 22 33 36 1 6
2000 14 15 17 19 24 41 1 12
2000 15 11 26 27 40 46 9 10
2000 16 3 15 16 25 34 2 11
2000 17 4 5 21 30 43 2 5
2000 18 11 18 36 39 47 2 7
2000 19 13 33 36 39 43 9 12
2000 20 7 16 38 39 46 3 6
2000 21 17 21 26 30 40 4 5
2000 22 3 21 27 31 32 3 9
2000 23 12 16 19 24 33 7 8
2000 24 9 19 38 39 43 3 11
2000 25 3 20 22 36 38 6 10
2000 26 9 14 29 30 32 3 9
2000 27 6 14 22 35 37 4 6
2000 28 28 30 37 44 50 8 12
2000 29 9 15 31 45 49 4 6
2000 30 1 12 23 29 40 3 8
2000 31 6 29 31 40 46 7 9
2000 32 22 41 44 45 46 4 10
2000 33 8 21 29 36 48 2 9
2000 34 16 17 32 33 50 2 4
2000 35 3 11 14 32 38 3 7
2000 36 22 24 33 46 48 6 7
2000 37 3 9 12 14 25 2 3
2000 38 13 18 21 35 49 1 7
2000 39 13 18 30 37 50 1 5
2000 40 5 33 36 37 40 6 10
2000 41 4 12 39 40 50 3 4
2000 42 1 6 8 12 33 2 3
2000 43 2 12 19 29 37 1 5
2000 44 23 29 37 44 50 4 7
2000 45 13 20 21 23 39 1 10
2000 46 4 31 44 46 48 9 12
2000 47 30 32 33 38 47 2 12
2000 48 11 22 43 45 48 5 6
2000 49 20 24 30 31 35 7 10
2000 50 11 17 47 48 49 3 6
2000 51 28 31 34 36 37 3 8
2000 52 7 13 21 35 48 8 9
2001 1 25 28 30 46 50 6 8
2001 2 18 22 26 39 45 1 6
2001 3 14 18 23 35 43 3 12
2001 4 1 5 23 25 30 2 9
2001 5 18 38 39 46 50 1 6
2001 6 5 20 22 39 45 10 11
2001 7 3 29 35 40 41 10 12
2001 8 2 16 31 32 50 10 12
2001 9 15 17 25 28 43 2 10
2001 10 3 11 14 35 43 1 12
2001 11 18 25 26 29 41 5 12
2001 12 2 8 11 20 48 1 8
2001 13 7 22 28 37 50 4 8
2001 14 6 11 15 42 50 5 11
2001 15 20 22 23 26 38 1 2
2001 16 27 29 34 38 41 6 7
2001 17 16 21 26 45 50 8 12
2001 18 14 19 27 33 41 10 11
2001 19 13 21 25 33 41 4 10
2001 20 19 27 31 42 50 3 7
2001 21 4 12 13 14 36 2 5
2001 22 10 23 29 46 47 1 4
2001 23 1 11 27 36 42 1 2
2001 24 9 19 23 26 41 2 10
2001 25 9 12 16 42 44 2 7
2001 26 17 19 21 23 25 2 8
2001 27 5 23 31 38 46 4 10
2001 28 9 10 28 33 48 6 7
2001 29 9 10 15 31 36 8 9
2001 30 15 19 25 40 46 3 8
2001 31 2 12 44 49 50 2 7
2001 32 11 14 20 37 44 2 4
2001 33 1 19 29 34 47 8 12
2001 34 24 34 37 39 43 1 4
2001 35 5 16 17 19 23 3 5
2001 36 2 21 24 44 47 9 11
2001 37 5 11 33 34 46 9 11
2001 38 10 31 38 40 42 4 11
2001 39 15 20 24 41 47 8 9
2001 40 21 22 25 30 44 7 8
2001 41 19 39 45 49 50 3 8
2001 42 2 29 36 43 50 2 4
2001 43 4 6 12 29 47 1 10
2001 44 21 28 29 42 48 2 10
2001 45 6 11 18 38 47 10 11
2001 46 5 10 16 32 44 7 9
2001 47 15 16 21 29 46 4 11
2001 48 3 4 12 34 43 2 8
2001 49 9 20 27 49 50 1 7
2001 50 2 23 33 46 50 2 4
2001 51 2 16 18 40 44 5 6
2001 52 7 11 20 26 42 2 6
2002 1 3 8 29 34 41 4 12
2002 2 6 8 33 45 47 1 8
2002 3 8 10 17 30 50 7 8
2002 4 7 17 19 22 36 2 6
2002 5 2 6 15 34 44 2 8
2002 6 15 28 31 38 50 3 8
2002 7 16 18 20 36 41 1 12
2002 8 12 28 39 49 50 4 8
2002 9 17 18 44 46 47 7 10
2002 10 6 11 32 35 36 10 12
2002 11 11 19 25 39 47 6 9
2002 12 5 35 38 42 48 3 4
2002 13 26 36 40 45 48 3 4
2002 14 2 13 14 25 41 4 9
2002 15 21 25 43 44 45 11 12
2002 16 17 23 35 41 44 1 2
2002 17 7 15 21 37 48 7 9
2002 18 1 5 9 35 48 1 4
2002 19 7 12 18 36 41 4 8
2002 20 2 5 37 38 43 7 9
2002 21 13 21 36 43 45 4 5
2002 22 13 23 30 38 47 8 9
2002 23 6 13 19 34 43 5 7
2002 24 3 22 39 40 47 7 10
2002 25 10 13 32 42 48 4 8
2002 26 10 30 36 43 46 1 9
2002 27 5 12 19 21 41 6 8
2002 28 11 18 23 29 47 1 12
2002 29 12 25 28 36 38 3 8
2002 30 8 21 30 46 47 1 4
2002 31 12 20 24 30 31 3 7
2002 32 3 5 17 31 42 9 11
2002 33 5 8 34 36 38 5 10
2002 34 6 8 10 15 19 1 12
2002 35 4 10 14 35 48 2 8
2002 36 9 13 43 49 50 5 9
2002 37 9 30 38 40 45 4 11
2002 38 1 11 17 18 22 2 12
2002 39 2 3 14 15 26 4 10
2002 40 3 4 18 19 37 5 6
2002 41 6 8 13 14 36 4 7
2002 42 10 20 27 38 45 2 7
2002 43 4 40 43 45 50 7 9
2002 44 16 17 26 39 48 1 9
2002 45 15 23 40 41 50 2 3
2002 46 17 25 26 32 35 1 9
2002 47 2 10 13 15 18 6 7
2002 48 8 13 25 30 31 2 6
2002 49 13 16 17 23 32 7 8
2002 50 15 16 29 33 48 2 11
2002 51 6 13 28 40 43 6 8
2002 52 18 20 21 34 38 1 10
2003 1 23 24 43 46 50 5 10
2003 2 9 10 14 33 45 9 10
2003 3 19 25 31 34 43 1 6
2003 4 13 34 39 41 50 6 11
2003 5 21 23 34 42 47 2 3
2003 6 4 11 21 29 37 3 12
2003 7 5 11 29 35 42 9 10
2003 8 5 28 32 34 41 6 7
2003 9 5 20 23 28 35 10 12
2003 10 3 20 37 41 47 4 8
2003 11 1 10 13 28 42 4 8
2003 12 5 6 15 17 38 6 10
2003 13 4 14 18 49 50 8 12
2003 14 11 18 45 48 50 8 11
2003 15 1 5 10 23 26 5 10
2003 16 10 22 26 42 45 2 12
2003 17 13 14 20 22 31 2 5
2003 18 1 18 24 36 44 1 7
2003 19 6 11 18 40 42 1 12
2003 20 3 17 40 44 49 2 11
2003 21 3 5 6 35 38 6 11
2003 22 13 22 38 40 41 1 4
2003 23 7 13 41 43 50 8 11
2003 24 3 9 11 22 25 3 8
2003 25 6 25 31 34 43 1 8
2003 26 3 9 14 28 30 2 9
2003 27 4 27 34 35 49 6 7
2003 28 2 19 26 27 30 3 6
2003 29 2 4 6 9 42 2 5
2003 30 3 25 30 31 42 7 12
2003 31 11 24 25 36 43 3 4
2003 32 1 20 21 35 49 2 11
2003 33 34 36 41 42 43 1 7
2003 34 8 21 23 29 33 5 11
2003 35 2 10 16 17 22 7 10
2003 36 6 13 14 24 36 3 7
2003 37 6 27 34 39 44 5 9
2003 38 14 22 26 42 45 6 9
2003 39 1 6 25 30 42 9 12
2003 40 2 11 30 41 49 4 11
2003 41 12 21 24 30 41 2 3
2003 42 6 28 41 42 43 9 12
2003 43 23 29 32 37 41 1 8
2003 44 6 16 33 34 38 8 9
2003 45 2 13 31 41 46 4 11
2003 46 15 26 27 35 50 1 10
2003 47 11 13 18 29 43 8 9
2003 48 1 16 20 36 43 1 10
2003 49 9 10 11 13 23 1 8
2003 50 8 15 16 36 46 1 2
2003 51 19 26 29 36 48 3 11
2003 52 9 13 22 43 50 1 6
2004 1 1 11 16 31 33 3 12
2004 2 10 11 28 29 32 10 12
2004 3 6 22 31 33 42 5 11
2004 4 1 2 7 24 47 8 9
2004 5 6 13 26 44 45 7 12
2004 6 2 9 35 39 43 2 8
2004 7 10 15 28 30 35 2 5
2004 8 6 12 19 39 50 7 8
2004 9 5 11 27 37 39 5 10
2004 10 6 7 29 30 48 3 4
2004 11 3 7 9 22 28 9 12
2004 12 8 14 21 24 44 7 8
2004 13 1 7 11 46 48 2 3
2004 14 16 25 29 46 50 2 9
2004 15 1 2 4 20 21 9 11
2004 16 10 24 26 31 36 6 8
2004 17 13 30 33 34 43 4 9
2004 18 9 10 18 25 41 3 6
2004 19 5 18 24 38 43 7 8
2004 20 9 19 20 26 47 10 12
2004 21 4 5 16 17 23 1 11
2004 22 31 35 38 41 43 2 6
2004 23 5 8 12 46 48 9 10
2004 24 6 14 18 27 47 3 4
2004 25 3 10 20 26 37 3 10
2004 26 2 15 25 31 34 6 9
2004 27 9 13 28 35 36 5 9
2004 28 14 29 32 36 40 5 8
2004 29 8 14 28 30 44 2 6
2004 30 2 3 14 29 49 2 8
2004 31 5 11 28 43 45 7 10
2004 32 22 25 28 30 42 3 6
2004 33 8 10 27 28 38 2 9
2004 34 4 5 17 36 37 5 6
2004 35 4 26 28 41 48 1 3
2004 36 4 14 22 25 45 8 12
2004 37 6 12 22 30 40 4 9
2004 38 17 25 33 39 44 4 9
2004 39 5 19 22 24 27 5 7
2004 40 2 4 12 43 48 6 10
2004 41 15 23 27 28 37 1 4
2004 42 12 20 31 41 45 3 7
2004 43 3 9 34 44 49 1 12
2004 44 4 6 13 23 27 6 9
2004 45 19 22 29 39 44 1 2
2004 46 12 22 24 28 48 2 10
2004 47 3 24 28 32 38 6 11
2004 48 15 21 22 31 44 2 8
2004 49 27 34 38 41 45 5 6
2004 50 5 8 22 38 48 5 11
2004 51 8 9 17 20 41 5 6
2004 52 11 25 28 36 37 2 4
2005 1 23 28 42 43 50 4 9
2005 2 8 30 32 36 45 8 12
2005 3 19 33 39 45 49 7 9
2005 4 24 25 35 40 49 11 12
2005 5 20 24 26 34 39 4 6
2005 6 9 10 32 33 44 2 9
2005 7 22 23 24 33 46 7 12
2005 8 24 32 40 42 46 3 12
2005 9 13 15 18 19 20 9 10
2005 10 16 17 25 34 39 3 4
2005 11 1 3 11 15 50 2 10
2005 12 12 13 35 39 48 7 12
2005 13 5 13 29 34 39 1 4
2005 14 3 26 27 43 44 4 5
2005 15 4 14 18 30 49 3 9
2005 16 21 23 33 36 50 10 11
2005 17 19 22 43 46 48 8 11
2005 18 17 20 24 36 47 4 8
2005 19 16 17 42 43 48 6 10
2005 20 2 27 34 38 45 3 6
2005 21 20 29 31 35 49 6 8
2005 22 4 21 23 31 48 6 7
2005 23 1 6 8 17 33 7 12
2005 24 7 11 38 42 46 9 12
2005 25 3 10 35 37 42 9 12
2005 26 5 18 22 25 26 4 9
2005 27 1 6 30 32 46 6 10
2005 28 16 20 25 29 37 4 6
2005 29 16 31 32 41 45 7 10
2005 30 8 13 15 21 30 1 11
2005 31 4 20 34 36 41 11 12
2005 32 4 7 30 41 48 1 11
2005 33 11 12 16 24 35 3 11
2005 34 1 30 41 46 48 8 11
2005 35 10 11 15 20 36 10 12
2005 36 4 25 33 36 38 6 10
2005 37 2 4 14 45 50 4 5
2005 38 14 20 21 36 40 2 10
2005 39 2 9 11 19 24 1 10
2005 40 10 17 20 33 44 1 2
2005 41 8 22 23 30 33 4 11
2005 42 11 19 32 41 46 3 9
2005 43 6 7 8 21 43 1 9
2005 44 2 4 9 41 50 7 10
2005 45 2 19 21 23 39 9 12
2005 46 1 24 25 37 47 6 12
2005 47 4 28 42 44 46 2 10
2005 48 25 30 43 45 50 9 11
2005 49 3 21 23 43 49 2 5
2005 50 5 6 8 14 26 4 10
2005 51 13 19 26 34 50 6 9
2005 52 3 13 15 17 39 1 11
2006 1 7 13 31 38 46 2 11
2006 2 11 13 37 38 49 1 5
2006 3 25 33 34 43 46 8 12
2006 4 24 32 34 45 49 6 10
2006 5 1 6 10 16 32 7 12
2006 6 1 5 9 18 43 1 7
2006 7 32 38 39 40 48 3 9
2006 8 14 20 22 34 45 1 2
2006 9 6 20 22 33 35 5 11
2006 10 15 19 37 43 46 2 7
2006 11 2 15 19 29 30 4 7
2006 12 5 17 23 33 36 5 8
2006 13 12 23 24 29 37 7 9
2006 14 29 32 38 40 41 2 4
2006 15 3 14 16 39 49 7 12
2006 16 7 9 16 42 48 2 4
2006 17 10 12 26 37 42 1 4
2006 18 1 7 9 15 32 9 12
2006 19 13 16 28 31 36 1 4
2006 20 3 12 29 37 50 1 7
2006 21 22 34 39 42 48 9 11
2006 22 6 9 23 24 49 5 6
2006 23 21 22 37 44 48 7 9
2006 24 3 7 13 26 28 3 10
2006 25 10 22 33 34 47 4 7
2006 26 6 8 32 33 41 4 8
2006 27 2 8 10 12 36 10 11
2006 28 5 6 18 28 46 5 6
2006 29 26 30 41 44 47 5 10
2006 30 14 16 27 31 46 3 6
2006 31 5 7 12 37 40 5 7
2006 32 1 17 28 34 47 3 11
2006 33 2 6 15 19 31 10 12
2006 34 6 14 16 30 48 3 7
2006 35 1 5 16 29 39 4 5
2006 36 2 25 36 43 46 4 10
2006 37 3 7 15 16 25 2 9
2006 38 3 8 13 22 39 1 3
2006 39 1 8 14 41 46 5 10
2006 40 7 15 16 21 37 3 7
2006 41 7 17 23 27 37 1 2
2006 42 3 17 27 28 32 8 10
2006 43 7 14 32 35 41 8 12
2006 44 5 6 10 12 45 8 9
2006 45 18 34 40 41 50 1 6
2006 46 2 16 19 25 41 5 10
2006 47 13 22 31 36 41 7 9
2006 48 2 6 12 14 18 8 11
2006 49 1 17 27 45 47 2 8
2006 50 5 15 18 31 49 1 5
2006 51 4 6 9 27 37 6 12
2006 52 8 13 26 39 43 2 5
2007 1 14 24 42 45 49 9 11
2007 2 1 22 26 36 38 2 10
2007 3 2 4 19 22 48 9 12
2007 4 1 15 33 37 41 5 9
2007 5 4 15 36 37 38 10 11
2007 6 19 26 43 47 50 10 12
2007 7 12 25 31 42 46 2 11
2007 8 2 11 21 33 37 1 4
2007 9 10 25 27 28 50 9 11
2007 10 21 31 41 47 49 3 10
2007 11 15 24 32 49 50 2 7
2007 12 7 15 21 26 47 10 11
2007 13 3 10 24 34 48 6 11
2007 14 1 3 8 39 42 8 10
2007 15 15 18 40 47 48 6 8
2007 16 14 24 40 44 46 6 12
2007 17 4 7 33 35 46 4 11
2007 18 19 29 36 41 46 4 8
2007 19 14 18 21 32 49 3 7
2007 20 4 10 14 20 44 9 12
2007 21 3 11 20 42 45 3 9
2007 22 5 14 43 46 47 4 7
2007 23 1 13 16 38 39 2 3
2007 24 13 14 45 49 50 7 11
2007 25 1 10 25 27 37 4 7
2007 26 15 33 34 43 44 3 9
2007 27 9 15 24 44 49 3 12
2007 28 1 2 5 7 27 9 12
2007 29 28 31 46 47 50 4 10
2007 30 1 7 13 18 30 6 9
2007 31 16 19 32 35 47 9 12
2007 32 15 21 23 31 35 3 4
2007 33 6 7 15 26 27 9 10
2007 34 4 10 11 13 50 4 12
2007 35 15 19 22 33 39 7 9
2007 36 13 15 26 29 40 11 12
2007 37 2 28 29 31 47 4 12
2007 38 2 32 36 44 46 5 9
2007 39 7 10 17 24 44 1 3
2007 40 22 24 27 29 42 4 8
2007 41 2 37 44 47 48 5 8
2007 42 8 16 23 30 33 6 12
2007 43 5 19 25 32 36 1 8
2007 44 11 18 30 37 38 5 9
2007 45 28 39 42 43 44 8 12
2007 46 13 18 19 38 45 6 12
2007 47 4 19 37 39 50 3 5
2007 48 9 34 36 41 50 3 5
2007 49 7 15 16 45 47 2 8
2007 50 11 20 22 24 42 3 10
2007 51 1 18 21 22 47 5 12
2007 52 8 15 16 25 26 5 7
2008 1 23 28 29 35 39 9 12
2008 2 17 21 23 35 45 1 3
2008 3 8 14 20 43 47 4 9
2008 4 18 19 20 34 41 4 6
2008 5 5 9 28 29 33 4 12
2008 6 20 34 41 46 50 1 8
2008 7 10 20 36 38 41 6 10
2008 8 13 27 35 39 43 2 3
2008 9 1 15 22 24 50 9 12
2008 10 21 28 29 31 42 1 10
2008 11 4 14 28 34 47 2 11
2008 12 5 6 7 9 27 4 12
2008 13 12 13 18 20 50 2 10
2008 14 15 18 31 36 47 7 12
2008 15 2 9 18 32 37 7 11
2008 16 12 20 31 45 50 6 8
2008 17 3 4 18 34 38 4 9
2008 18 1 17 24 27 41 2 4
2008 19 11 25 30 34 40 2 3
2008 20 6 22 23 42 47 1 2
2008 21 2 11 29 37 46 8 10
2008 22 4 13 23 32 44 1 8
2008 23 34 36 42 47 50 4 8
2008 24 13 26 38 43 50 4 8
2008 25 2 8 13 36 47 8 10
2008 26 1 4 28 34 48 11 12
2008 27 2 14 17 40 41 8 12
2008 28 10 13 14 26 48 1 7
2008 29 6 21 23 31 36 1 2
2008 30 2 10 19 42 43 4 11
2008 31 11 14 26 28 39 1 10
2008 32 3 20 28 32 43 1 11
2008 33 1 7 20 38 44 1 10
2008 34 18 24 33 34 41 11 12
2008 35 6 10 24 45 46 11 12
2008 36 5 19 26 34 48 1 4
2008 37 7 12 22 46 49 8 10
2008 38 24 34 40 46 49 9 12
2008 39 12 14 33 41 46 6 12
2008 40 9 24 28 33 48 3 9
2008 41 10 14 17 25 45 2 6
2008 42 2 13 37 40 43 1 5
2008 43 22 29 31 35 47 1 3
2008 44 10 12 14 32 46 10 12
2008 45 22 25 30 39 41 3 5
2008 46 12 14 17 20 35 2 11
2008 47 9 11 15 37 46 5 10
2008 48 2 5 7 21 22 5 11
2008 49 11 21 26 40 42 1 6
2008 50 3 5 9 13 14 11 12
2008 51 20 35 36 37 41 6 8
2008 52 2 6 16 25 42 8 12
2009 1 5 14 32 42 43 2 4
2009 2 12 21 23 25 42 2 7
2009 3 11 19 29 40 44 1 12
2009 4 1 4 28 33 38 4 12
2009 5 11 17 33 40 42 5 10
2009 6 2 21 25 35 39 7 10
2009 7 24 35 39 49 50 1 7
2009 8 2 12 17 33 47 2 9
2009 9 15 17 18 35 49 3 9
2009 10 18 19 26 35 38 5 12
2009 11 1 5 9 30 49 8 10
2009 12 1 10 34 48 49 7 8
2009 13 11 17 21 37 48 9 12
2009 14 6 11 17 25 36 3 11
2009 15 1 11 18 21 46 1 4
2009 16 15 25 39 44 50 8 9
2009 17 2 7 11 33 35 4 6
2009 18 6 11 42 44 47 3 10
2009 19 6 7 18 28 39 1 9
2009 20 12 13 19 37 43 11 12
2009 21 10 11 16 19 45 6 7
2009 22 5 7 22 26 49 8 12
2009 23 11 21 23 30 45 1 12
2009 24 2 3 10 37 44 4 8
2009 25 6 11 13 14 44 1 9
2009 26 9 11 16 17 38 1 9
2009 27 14 17 23 30 50 9 12
2009 28 10 21 34 42 49 1 8
2009 29 5 22 24 35 43 10 12
2009 30 15 18 22 30 40 5 11
2009 31 8 9 41 44 50 2 10
2009 32 11 18 23 38 44 5 11
2009 33 6 7 10 22 38 1 7
2009 34 11 25 28 30 46 8 9
2009 35 1 12 33 42 50 11 12
2009 36 11 21 30 37 49 6 9
2009 37 11 22 24 30 39 9 12
2009 38 1 2 4 20 37 7 8
2009 39 5 26 37 42 46 5 11
2009 40 14 18 22 24 34 4 7
2009 41 2 21 25 30 33 2 10
2009 42 7 12 14 28 49 1 11
2009 43 12 13 27 35 45 1 12
2009 44 3 8 11 12 17 5 12
2009 45 10 29 33 45 50 3 7
2009 46 3 5 33 41 42 5 6
2009 47 4 10 24 44 50 2 11
2009 48 26 40 42 44 49 2 3
2009 49 5 27 28 30 50 2 5
2009 50 17 28 30 35 41 9 11
2009 51 2 3 20 44 48 1 11
2009 52 8 16 21 29 38 7 8
2010 1 22 23 33 36 43 4 11
2010 2 4 23 26 37 44 2 5
2010 3 1 30 36 41 50 2 5
2010 4 4 10 36 49 50 2 6
2010 5 1 9 21 34 35 9 10
2010 6 1 32 38 41 47 4 5
2010 7 3 20 21 29 50 7 10
2010 8 8 18 19 23 42 2 12
2010 9 9 19 21 31 49 1 7
2010 10 6 7 19 20 29 10 12
2010 11 15 18 28 30 37 5 12
2010 12 14 16 20 26 31 6 10
2010 13 9 15 27 30 33 5 10
2010 14 11 17 19 29 38 1 7
2010 15 16 20 21 27 35 5 8
2010 16 5 8 39 41 43 7 8
2010 17 3 18 28 42 46 3 5
2010 18 2 9 36 38 41 10 12
2010 19 5 6 10 11 49 8 10
2010 20 3 7 22 31 48 6 10
2010 21 1 2 23 29 34 3 6
2010 22 6 13 17 30 32 2 8
2010 23 9 11 22 27 33 1 12
2010 24 1 6 10 11 18 8 10
2010 25 5 34 36 40 49 8 9
2010 26 12 21 28 34 41 2 11
2010 27 5 21 25 32 35 3 8
2010 28 15 24 46 47 48 3 5
2010 29 7 16 18 24 40 3 8
2010 30 15 30 33 36 47 2 8
2010 31 16 19 24 26 35 5 7
2010 32 12 15 31 35 46 10 11
2010 33 8 13 35 42 47 8 11
2010 34 18 45 48 49 50 9 10
2010 35 4 8 18 23 24 4 8
2010 36 4 10 14 27 43 6 8
2010 37 2 12 15 16 38 1 11
2010 38 8 17 25 33 35 4 10
2010 39 12 16 19 39 43 6 9
2010 40 3 20 35 43 49 3 4
2010 41 7 15 23 24 44 6 7
2010 42 3 10 19 22 50 1 4
2010 43 3 4 6 32 50 5 12
2010 44 25 34 35 46 49 8 9
2010 45 4 27 30 33 44 1 3
2010 46 9 10 25 44 48 4 10
2010 47 7 8 16 32 45 2 10
2010 48 1 13 19 31 36 4 12
2010 49 24 33 37 38 42 9 12
2010 50 12 23 26 27 46 8 11
2010 51 1 12 17 21 33 7 10
2010 52 38 40 44 49 50 7 12
2011 1 15 22 23 30 35 4 6
2011 2 2 21 22 46 48 5 7
2011 3 18 24 36 40 41 3 9
2011 4 2 14 15 25 41 10 12
2011 5 8 11 20 33 45 9 10
2011 6 6 9 21 32 36 2 4
2011 7 9 14 17 29 40 7 11
2011 8 1 4 12 19 49 4 7
2011 9 9 23 28 36 50 2 11
2011 10 2 5 9 13 25 7 11
2011 11 1 25 29 31 39 4 9
2011 12 8 9 18 30 35 2 4
2011 13 6 26 37 46 47 5 9
2011 14 3 22 24 30 34 1 9
2011 15 5 26 28 33 45 6 7
2011 16 1 7 15 35 37 4 6
2011 17 6 16 31 32 46 2 8
2011 18 15 22 23 30 40 3 11
2011 19 11 12 14 40 44 11 12
2011 20 3 11 14 25 29 5 12
2011 21 4 8 14 29 50 6 8
2011 22 9 14 31 40 42 5 9
2011 23 13 15 33 35 50 3 4
2011 24 14 23 27 38 44 7 9
2011 25 13 14 15 16 49 3 12
2011 26 10 17 18 30 33 4 8
2011 27 9 21 35 37 47 2 12
2011 28 8 13 20 28 30 5 11
2011 29 1 5 15 36 40 2 3
2011 30 4 5 11 17 33 2 8
2011 31 5 11 12 34 39 3 12
2011 32 12 18 34 37 48 4 7
2011 33 11 36 40 42 46 1 10
2011 34 11 33 35 37 50 2 7
2011 35 5 18 34 42 43 2 5
2011 36 10 17 18 24 29 7 8
2011 37 18 28 31 34 47 8 9
2011 38 12 16 29 32 34 3 9
2011 39 12 18 42 47 49 1 7
2011 40 2 19 31 40 45 1 9
2011 41 7 9 13 29 39 2 5
2011 42 5 15 17 27 44 2 12
2011 43 4 11 13 29 38 5 6
2011 44 6 11 16 17 21 2 12
2011 45 6 27 32 43 46 2 8
2011 46 23 31 32 33 36 7 8
2011 47 8 36 40 41 42 5 6
2011 48 4 9 17 30 46 7 9
2011 49 8 18 19 34 46 3 12
2011 50 2 12 15 19 42 5 7
2011 51 6 11 14 29 43 8 11
2011 52 7 14 19 24 40 3 6
2012 1 8 11 12 16 36 1 9
2012 2 7 22 26 38 45 1 7
2012 3 4 33 40 45 48 1 4
2012 4 5 7 8 23 46 2 5
2012 5 2 12 13 39 40 8 10
2012 6 5 6 29 31 33 7 9
2012 7 9 18 24 26 44 2 5
2012 8 3 6 34 37 49 2 11
2012 9 2 13 16 22 27 3 10
2012 10 14 15 16 33 40 6 12
2012 11 1 3 4 16 45 3 9
2012 12 6 7 8 26 40 3 5
2012 13 9 16 27 35 41 6 11
2012 14 6 30 36 39 49 5 7
2012 15 6 8 26 36 46 1 10
2012 16 7 8 10 25 33 6 12
2012 17 14 16 41 48 50 3 4
2012 18 7 11 14 47 48 6 8
2012 19 4 8 11 27 34 7 11
2012 20 1 6 17 46 50 9 12
2012 21 16 19 28 33 35 2 5
2012 22 1 13 21 25 42 3 5
2012 23 9 17 18 20 50 8 11
2012 24 7 8 28 30 43 4 7
2012 25 4 6 12 31 39 2 7
2012 26 2 16 24 29 33 7 10
2012 27 15 19 21 24 32 5 8
2012 28 4 17 20 25 48 3 6
2012 29 25 32 36 42 44 7 8
2012 30 16 19 29 37 47 4 5
2012 31 7 14 18 32 50 6 11
2012 32 19 25 27 36 44 5 7
2012 33 7 9 19 22 26 1 2
2012 34 13 15 18 44 50 7 8
2012 35 10 14 25 30 38 2 10
2012 36 8 15 25 29 43 2 9
2012 37 1 8 11 32 40 1 4
2012 38 4 10 12 31 33 7 10
2012 39 13 15 22 28 41 7 8
2012 40 12 14 29 41 47 5 9
2012 41 7 12 15 19 28 6 9
2012 42 7 25 32 38 45 10 11
2012 43 2 6 26 41 46 3 5
2012 44 2 13 15 36 42 5 6
2012 45 11 16 22 30 41 3 9
2012 46 7 14 35 36 46 6 11
2012 47 7 8 18 27 49 3 9
2012 48 5 24 26 27 28 3 6
2012 49 3 17 43 45 48 2 7
2012 50 5 19 24 39 50 2 10
2012 51 20 27 41 42 50 2 11
2012 52 1 9 10 27 29 9 10
2013 1 13 20 24 29 42 9 12
2013 2 2 8 24 39 47 5 12
2013 3 6 12 20 43 50 8 9
2013 4 16 19 32 39 42 1 6
2013 5 3 9 24 28 43 3 9
2013 6 6 10 23 26 29 9 10
2013 7 1 5 18 28 47 5 12
2013 8 1 5 9 17 44 1 7
2013 9 7 8 13 16 49 4 6
2013 10 2 3 27 28 37 2 11
2013 11 1 16 29 36 50 7 10
2013 12 4 5 20 23 38 7 9
2013 13 4 6 29 30 32 6 9
2013 14 12 18 30 32 36 2 8
2013 15 9 19 28 42 50 2 12
2013 16 7 14 15 45 48 1 12
2013 17 4 8 14 40 49 4 9
2013 18 11 12 15 21 33 6 8
2013 19 1 14 20 33 39 6 9
2013 20 3 7 8 20 33 7 11
2013 21 2 10 27 44 47 1 11
2013 22 2 3 10 19 27 1 3
2013 23 5 17 26 29 38 3 4
2013 24 2 7 34 38 43 2 3
2013 25 6 13 15 19 30 1 6
2013 26 29 38 42 44 49 1 3
2013 27 21 28 33 39 44 3 5
2013 28 33 42 45 47 48 1 11
2013 29 1 4 11 14 35 6 7
2013 30 5 22 28 40 50 1 8
2013 31 17 29 32 38 44 10 12
2013 32 9 11 16 17 27 2 10
2013 33 2 6 9 13 42 9 12
2013 34 4 7 22 23 43 6 11
2013 35 3 6 17 23 38 5 12
2013 36 1 15 28 44 48 4 8
2013 37 5 14 26 27 34 2 11
2013 38 16 17 19 22 28 4 5
2013 39 1 12 18 25 37 6 12
2013 40 10 14 19 28 34 3 5
2013 41 8 13 36 40 50 1 11
2013 42 7 9 42 43 46 5 12
2013 43 6 15 28 29 42 2 6
2013 44 14 20 35 37 45 2 4
2013 45 29 34 42 45 48 10 12
2013 46 29 30 31 37 49 4 8
2013 47 8 18 35 39 41 4 10
2013 48 15 18 19 27 45 4 7
2013 49 11 24 28 31 39 8 12
2013 50 4 13 31 34 50 4 5
2013 51 4 7 14 23 50 2 6
2013 52 12 15 20 29 39 1 3
2014 1 9 13 14 29 36 2 7
2014 2 7 14 21 25 37 5 7
2014 3 8 20 24 34 50 1 4
2014 4 6 10 32 44 45 4 6
2014 5 31 38 45 46 49 2 8
2014 6 3 15 28 44 49 4 12
2014 7 17 19 29 36 43 1 12
2014 8 1 32 35 39 44 5 12
2014 9 1 12 13 31 35 4 11
2014 10 8 27 28 33 41 4 11
2014 11 1 12 17 32 50 1 2
2014 12 5 8 11 23 46 4 12
2014 13 5 6 20 27 31 2 3
2014 14 5 6 17 32 34 2 8
2014 15 12 17 20 34 45 2 8
2014 16 2 8 20 31 40 9 12
2014 17 22 24 41 45 48 3 6
2014 18 7 10 22 25 39 5 7
2014 19 19 25 35 37 43 1 11
2014 20 4 15 35 36 46 2 7
2014 21 28 35 40 44 47 8 12
2014 22 2 7 21 33 50 2 5
2014 23 8 14 27 43 48 9 10
2014 24 5 14 21 36 48 7 8
2014 25 12 15 18 33 41 1 12
2014 26 1 12 22 32 42 3 8
2014 27 23 38 40 42 49 1 4
2014 28 6 22 38 41 49 2 11
2014 29 11 23 25 45 49 6 11
2014 30 5 23 27 38 46 7 10
2014 31 21 23 30 44 47 4 5
2014 32 15 29 39 45 49 4 8
2014 33 10 16 18 19 42 10 12
2014 34 2 10 12 19 45 5 9
2014 35 5 9 16 27 46 2 7
2014 36 2 4 21 24 39 5 8
2014 37 4 7 20 40 42 4 5
2014 38 17 20 26 28 37 4 5
2014 39 15 24 34 42 46 5 11
2014 40 1 4 9 21 44 1 6
2014 41 23 39 40 44 45 1 3
2014 42 12 23 32 39 42 2 3
2014 43 3 13 15 21 40 2 7
2014 44 3 6 21 28 32 6 7
2014 45 8 17 24 39 46 1 10
2014 46 20 28 31 35 43 2 4
2014 47 15 17 33 44 50 3 5
2014 48 6 31 40 43 49 5 6
2014 49 3 16 31 34 50 4 5
2014 50 3 4 10 11 27 4 10
2014 51 12 37 40 44 45 4 12
2014 52 21 28 30 34 36 2 3
2015 1 12 25 43 44 49 5 10
2015 2 2 7 19 38 47 4 7
2015 3 15 21 33 44 49 5 11
2015 4 3 10 23 35 36 5 8
2015 5 19 24 26 27 30 3 12
2015 6 3 5 26 34 39 2 4
2015 7 17 39 43 44 47 2 8
2015 8 16 38 39 44 47 2 7
2015 9 1 20 34 43 48 3 5
2015 10 8 18 25 27 43 6 10
2015 11 8 20 26 29 40 3 5
2015 12 27 28 45 46 48 6 10
2015 13 19 20 27 29 48 4 5
2015 14 22 31 33 34 45 8 9
2015 15 16 33 36 38 42 7 11
2015 16 10 18 27 29 30 5 8
2015 17 13 16 30 34 39 8 10
2015 18 10 26 28 38 40 8 11
2015 19 14 20 21 28 39 7 12
2015 20 7 14 15 26 38 3 11
2015 21 15 16 32 42 44 4 12
2015 22 7 11 13 36 42 3 12
2015 23 4 15 20 38 43 8 12
2015 24 11 18 35 38 47 1 12
2015 25 1 19 31 32 42 2 7
2015 26 17 27 37 40 41 10 11
2015 27 5 6 15 44 47 1 6
2015 28 2 4 11 13 27 3 11
2015 29 2 4 6 9 16 9 11
2015 30 21 25 32 40 49 4 8
2015 31 6 11 17 21 45 2 9
2015 32 19 22 29 47 48 6 11
2015 33 12 17 30 41 42 6 7
2015 34 6 33 42 46 49 2 7
2015 35 13 29 31 42 50 8 11
2015 36 1 3 28 44 45 7 11
2015 37 14 26 27 34 39 5 9
2015 38 15 36 41 43 49 6 12
2015 39 6 11 21 25 38 4 5
2015 40 4 18 19 20 45 3 4
2015 41 20 22 40 46 48 3 6
2015 42 5 11 27 46 50 5 6
2015 43 5 7 8 44 48 2 3
2015 44 4 34 35 47 50 3 12
2015 45 4 18 19 26 33 1 2
2015 46 1 5 6 22 46 2 8
2015 47 1 4 5 7 9 5 8
2015 48 4 6 16 24 35 3 5
2015 49 11 12 16 36 50 6 8
2015 50 6 7 11 14 31 3 9
2015 51 19 24 38 39 49 5 11
2015 52 10 11 14 28 50 3 12
2016 1 9 26 30 36 45 1 5
2016 2 1 18 42 44 48 1 4
2016 3 22 23 24 28 43 1 9
2016 4 6 9 13 16 47 2 11
2016 5 15 18 20 34 43 3 11
2016 6 26 40 44 45 49 1 10
2016 7 20 21 25 38 41 6 9
2016 8 3 6 23 25 42 2 11
2016 9 2 16 18 19 25 1 8
2016 10 2 4 15 23 44 1 6
2016 11 4 10 21 40 41 7 11
2016 12 3 22 29 31 34 5 8
2016 13 5 9 15 29 37 2 12
2016 14 1 3 6 17 18 3 9
2016 15 6 32 33 39 45 1 3
2016 16 20 31 36 37 40 4 12
2016 17 3 35 36 45 46 2 8
2016 18 3 19 29 48 49 3 5
2016 19 2 30 36 37 43 1 3
2016 20 20 21 28 43 46 4 6
2016 21 4 5 7 15 24 3 11
2016 22 6 12 21 26 32 9 11
2016 23 14 19 25 32 46 6 8
2016 24 2 14 26 29 33 6 11
2016 25 3 4 8 31 44 1 5
2016 26 12 33 35 49 50 4 9
2016 27 4 14 28 39 40 2 10
2016 28 7 20 37 38 50 2 4
2016 29 8 13 27 28 31 8 10
2016 30 3 20 28 44 49 4 7
2016 31 28 32 39 44 47 2 5
2016 32 1 19 22 25 44 1 12
2016 33 1 7 9 14 48 7 11
2016 34 1 12 19 30 49 3 11
2016 35 9 13 14 21 31 3 6
2016 36 9 13 30 33 41 2 11
2016 37 6 22 39 47 48 3 4
2016 38 14 15 30 41 47 5 12
2016 39 4 26 30 39 41 7 11
2016 40 2 5 10 17 22 1 2
2016 41 8 9 20 49 50 9 12
2016 42 1 9 18 25 26 1 11
2016 43 12 16 18 22 34 4 8
2016 44 10 25 28 29 48 1 5
2016 45 4 28 30 33 49 8 10
2016 46 7 28 32 36 41 7 9
2016 47 2 16 24 35 37 2 5
2016 48 18 21 30 42 45 2 3
2016 49 16 29 37 38 41 2 8
2016 50 9 21 22 24 37 7 10
2016 51 14 15 18 22 38 5 8
2016 52 1 20 24 33 38 2 5
2017 1 9 13 22 23 44 1 10
2017 2 8 12 13 31 44 3 8
2017 3 11 14 16 42 46 4 9
2017 4 8 21 33 39 44 1 12
2017 5 13 14 16 33 36 1 10
2017 6 5 6 13 23 34 3 11
2017 7 1 15 16 21 39 6 10
2017 8 3 11 36 40 43 9 11
2017 9 18 32 36 38 50 6 7
2017 10 4 32 34 35 42 4 8
2017 11 2 16 30 32 50 1 10
2017 12 11 20 28 29 33 4 8
2017 13 4 6 12 13 31 1 11
2017 14 6 29 35 37 40 1 2
2017 15 14 20 33 36 42 1 7
2017 16 4 5 13 21 34 1 12
2017 17 5 13 15 22 28 3 7
2017 18 7 30 40 43 48 11 12
2017 19 5 7 26 27 29 1 9
2017 20 2 13 38 49 50 2 7
2017 21 22 23 32 39 41 1 7
2017 22 10 12 18 36 43 6 9
2017 23 5 17 33 40 41 6 11
2017 24 15 19 39 43 45 1 12
2017 25 9 11 17 27 30 7 10
2017 26 6 14 23 28 46 3 11
2017 27 19 28 38 39 46 7 8
2017 28 2 8 30 38 47 10 11
2017 29 5 25 32 39 42 7 8
2017 30 6 19 23 35 43 3 9
2017 31 17 20 30 38 49 2 7
2017 32 6 13 38 40 42 8 9
2017 33 1 10 42 49 50 4 6
2017 34 15 26 32 38 43 1 4
2017 35 3 7 21 22 44 8 12
2017 36 7 17 20 29 50 4 12
2017 37 2 11 14 20 38 4 5
2017 38 8 23 37 38 46 4 12
2017 39 7 14 18 27 41 11 12
2017 40 9 19 37 47 49 2 3
2017 41 17 18 33 36 37 6 8
2017 42 1 2 10 17 43 2 4
2017 43 7 10 19 26 40 2 8
2017 44 8 24 32 41 48 6 8
2017 45 10 17 19 26 40 3 5
2017 46 3 10 24 39 45 9 10
2017 47 19 20 24 37 38 8 10
2017 48 10 33 36 37 48 9 12
2017 49 5 9 11 23 36 1 9
2017 50 3 15 30 42 47 2 11
2017 51 5 19 20 23 27 6 7
2017 52 1 6 21 28 42 4 8
2018 1 1 23 27 39 44 1 4
2018 2 10 12 31 37 40 11 12
2018 3 2 15 37 44 49 2 9
2018 4 8 12 25 30 42 1 11
2018 5 25 33 37 43 48 8 9
2018 6 1 18 24 36 45 7 11
2018 7 1 2 14 30 38 3 8
2018 8 12 22 33 40 48 1 6
2018 9 3 19 24 28 45 1 6
2018 10 8 19 29 32 33 3 5
2018 11 4 13 16 28 38 5 10
2018 12 5 17 19 41 45 2 3
2018 13 9 15 25 30 42 10 12
2018 14 7 20 28 33 39 10 11
2018 15 6 8 28 33 34 1 8
2018 16 8 11 25 32 41 1 3
2018 17 1 11 14 24 40 9 10
2018 18 22 33 44 45 48 5 11
2018 19 2 4 16 19 50 6 12
2018 20 1 4 26 32 45 7 11
2018 21 21 32 37 48 50 2 10
2018 22 18 19 21 30 35 4 10
2018 23 3 5 17 42 48 3 4
2018 24 4 11 28 36 46 3 12
2018 25 2 6 22 28 33 2 5
2018 26 12 22 31 32 40 7 11
2018 27 17 19 42 49 50 5 11
2018 28 12 22 26 35 47 2 12
2018 29 14 15 17 28 36 1 9
2018 30 3 18 22 30 42 2 5
2018 31 23 25 28 29 44 5 12
2018 32 11 14 18 27 32 4 12
2018 33 32 34 37 41 45 9 10
2018 34 6 10 22 26 46 2 11
2018 35 6 11 24 49 50 6 7
2018 36 6 12 22 35 44 4 11
2018 37 8 13 18 25 32 5 11
2018 38 31 36 40 47 49 11 12
2018 39 5 11 24 45 50 10 11
2018 40 15 22 38 42 50 5 11
2018 41 20 22 23 25 37 3 11
2018 42 8 13 30 42 50 2 7
2018 43 5 17 23 32 35 1 12
2018 44 16 23 32 40 50 3 6
2018 45 16 23 32 46 49 1 10
2018 46 3 5 9 23 42 8 11
2018 47 1 3 20 40 43 6 10
2018 48 9 18 24 39 44 3 7
2018 49 1 8 12 23 48 5 7
2018 50 4 33 35 43 44 3 7
2018 51 3 21 23 34 42 4 11
2018 52 2 5 9 12 17 10 12
2019 1 3 8 15 20 36 4 7
2019 2 3 24 40 47 50 3 6
2019 3 4 29 37 45 46 4 9
2019 4 6 10 22 41 49 3 8
2019 5 4 9 11 22 50 1 12
2019 6 2 4 9 21 32 3 11
2019 7 8 12 19 24 30 4 5
2019 8 1 4 16 21 37 6 8
2019 9 2 12 43 46 48 4 12
2019 10 21 22 26 39 45 5 10
2019 11 11 17 27 41 50 4 6
2019 12 8 14 21 25 36 3 7
2019 13 7 14 16 29 32 3 12
2019 14 12 15 16 18 40 2 9
2019 15 3 14 16 39 49 7 12
2019 16 7 9 16 42 48 2 4
2019 17 10 12 26 37 42 1 4
2019 18 1 7 9 15 32 9 12
2019 19 13 16 28 31 36 1 4
2019 20 3 12 29 37 50 1 7
2019 21 22 34 39 42 48 9 11
2019 22 6 9 23 24 49 5 6
2019 23 21 22 37 44 48 7 9
2019 24 3 7 13 26 28 3 10
2019 25 10 22 33 34 47 4 7
2019 26 6 8 32 33 41 4 8
2019 27 2 8 10 12 36 10 11
2019 28 5 6 18 28 46 5 6
2019 29 26 30 41 44 47 5 10
2019 30 14 16 27 31 46 3 6
2019 31 5 7 12 37 40 5 7
2019 32 1 17 28 34 47 3 11
2019 33 2 6 15 19 31 10 12
2019 34 6 14 16 30 48 3 7
2019 35 1 5 16 29 39 4 5
2019 36 2 25 36 43 46 4 10
2019 37 3 7 15 16 25 2 9
2019 38 3 8 13 22 39 1 3
2019 39 1 8 14 41 46 5 10
2019 40 7 15 16 21 37 3 7
2019 41 7 17 23 27 37 1 2
2019 42 3 17 27 28 32 8 10
2019 43 7 14 32 35 41 8 12
2019 44 5 6 10 12 45 8 9
2019 45 18 34 40 41 50 1 6
2019 46 2 16 19 25 41 5 10
2019 47 13 22 31 36 41 7 9
2019 48 2 6 12 14 18 8 11
2019 49 1 17 27 45 47 2 8
2019 50 5 15 18 31 49 1 5
2019 51 4 6 9 27 37 6 12
2019 52 8 13 26 39 43 2 5
2020 1 14 24 42 45 49 9 11
2020 2 1 22 26 36 38 2 10
2020 3 2 4 19 22 48 9 12
2020 4 1 15 33 37 41 5 9
2020 5 4 15 36 37 38 10 11
2020 6 19 26 43 47 50 10 12
2020 7 12 25 31 42 46 2 11
2020 8 2 11 21 33 37 1 4
2020 9 10 25 27 28 50 9 11
2020 10 21 31 41 47 49 3 10
2020 11 15 24 32 49 50 2 7
2020 12 7 15 21 26 47 10 11
2020 13 3 10 24 34 48 6 11
2020 14 1 3 8 39 42 8 10
2020 15 15 18 40 47 48 6 8
2020 16 14 24 40 44 46 6 12
2020 17 4 7 33 35 46 4 11
2020 18 19 29 36 41 46 4 8
2020 19 14 18 21 32 49 3 7
2020 20 4 10 14 20 44 9 12
2020 21 3 11 20 42 45 3 9
2020 22 5 14 43 46 47 4 7
2020 23 1 13 16 38 39 2 3
2020 24 13 14 45 49 50 7 11
2020 25 1 10 25 27 37 4 7
2020 26 15 33 34 43 44 3 9
2020 27 9 15 24 44 49 3 12
2020 28 1 2 5 7 27 9 12
2020 29 28 31 46 47 50 4 10
2020 30 1 7 13 18 30 6 9
2020 31 16 19 32 35 47 9 12
2020 32 15 21 23 31 35 3 4
2020 33 6 7 15 26 27 9 10
2020 34 4 10 11 13 50 4 12
2020 35 15 19 22 33 39 7 9
2020 36 13 15 26 29 40 11 12
2020 37 2 28 29 31 47 4 12
2020 38 2 32 36 44 46 5 9
2020 39 7 10 17 24 44 1 3
2020 40 22 24 27 29 42 4 8
2020 41 2 37 44 47 48 5 8
2020 42 8 16 23 30 33 6 12
2020 43 5 19 25 32 36 1 8
2020 44 11 18 30 37 38 5 9
2020 45 28 39 42 43 44 8 12
2020 46 13 18 19 38 45 6 12
2020 47 4 19 37 39 50 3 5
2020 48 9 34 36 41 50 3 5
2020 49 7 15 16 45 47 2 8
